10 10
4 5 5 3 4 
4 9 91 7 27 1 37 10 43 3 2 81 5 33 4 87 3 3 12 2 21 7 86 4 6 67 9 19 3 49 8 44 4 10 52 2 91 1 24 7 15 
3 10 15 4 24 2 57 3 4 84 7 42 8 82 3 2 72 7 44 4 43 2 2 64 4 18 2 10 15 3 62 
3 4 27 7 56 10 47 3 7 35 6 12 3 25 4 8 64 7 92 4 66 6 38 
4 8 10 7 19 6 17 4 84 2 8 60 3 95 3 9 64 3 39 2 40 3 10 23 6 56 3 57 
2 5 5 
2 2 53 1 15 4 5 36 1 49 7 60 8 12 3 5 65 10 42 1 22 4 10 97 1 72 2 17 7 53 3 5 60 1 46 8 23 
2 3 57 1 13 4 9 83 8 28 4 46 2 75 3 3 19 8 62 6 67 3 9 95 2 19 6 76 3 6 42 3 98 9 65 
2 5 5 
2 1 42 8 54 4 3 27 7 87 2 15 9 45 4 2 67 5 38 3 52 7 61 3 5 44 7 76 4 55 3 10 16 3 34 1 59 
2 2 76 8 36 2 9 20 6 17 3 5 61 3 79 6 15 3 7 97 5 57 4 58 3 8 67 3 22 6 78 
2 5 3 
4 9 93 1 14 3 32 7 99 3 5 81 10 36 8 58 3 7 65 1 20 6 69 2 1 21 6 37 2 7 73 6 57 
3 8 70 2 60 1 51 2 9 60 8 18 2 2 88 5 90 
3 5 4 5 
4 3 79 4 39 5 96 6 71 2 4 65 9 97 4 9 44 2 51 6 41 3 73 3 7 49 8 62 1 92 3 7 36 8 94 3 21 
4 9 58 5 85 2 23 7 43 2 8 84 7 44 3 6 45 10 14 8 75 2 7 19 10 49 
3 9 40 3 29 2 49 4 1 82 10 17 8 20 5 17 4 10 60 1 55 5 66 8 96 4 3 92 9 35 10 50 7 58 4 7 20 2 85 5 99 9 20 
4 3 5 5 5 
2 8 87 7 91 4 8 51 6 42 1 36 7 27 3 4 14 3 57 8 97 
4 4 65 3 70 2 88 6 49 3 3 83 8 83 5 37 3 9 67 6 90 2 26 2 5 78 8 27 3 10 31 8 22 3 66 
3 9 84 4 45 1 28 4 4 74 9 29 8 66 3 33 4 3 77 9 67 5 86 8 40 3 3 90 9 27 6 75 2 9 99 4 19 
3 8 81 9 50 1 20 2 7 69 6 51 2 2 52 1 77 4 7 92 5 46 10 57 8 79 2 9 77 8 78 
2 3 4 
3 1 21 8 42 4 32 4 3 83 6 58 9 61 2 66 4 1 73 2 24 7 14 8 88 
4 6 14 4 54 7 90 10 78 3 5 76 10 35 4 38 3 3 86 2 38 8 40 2 2 46 9 57 
3 5 5 4 
3 7 65 8 41 3 23 4 1 94 2 60 5 28 6 79 4 10 31 2 55 4 99 8 75 4 2 92 5 94 7 15 1 19 3 4 69 8 32 5 71 
4 1 24 8 31 9 17 6 82 2 7 85 5 88 4 6 11 5 84 7 68 9 96 4 8 83 9 14 2 10 3 13 4 4 29 1 94 2 19 9 19 
4 3 54 10 38 2 78 6 57 4 4 10 1 90 10 70 2 85 4 2 40 9 25 8 54 10 17 3 1 41 3 35 4 11 
2 5 3 
3 7 99 8 72 2 70 4 10 59 5 83 1 29 7 49 4 6 21 7 78 1 21 9 97 3 8 69 5 11 10 35 2 8 80 10 41 
4 6 79 7 80 4 22 9 28 4 2 28 4 32 5 70 10 50 4 10 18 1 41 7 68 2 61 
2 4 3 
3 1 20 6 64 7 32 2 1 88 2 72 4 7 39 3 36 10 11 4 34 2 10 18 3 46 
4 10 50 4 93 9 54 3 30 3 10 81 6 32 4 78 3 9 63 6 54 8 90 
