10 10
4 5 3 5 5 
3 2 40 9 44 4 86 3 8 36 3 73 5 54 2 3 29 4 70 2 10 63 4 57 2 9 58 8 67 
4 3 34 6 64 1 83 5 91 3 6 49 4 30 2 22 4 6 38 1 86 7 33 3 75 
2 2 20 1 40 4 6 54 3 67 4 73 2 79 3 5 63 3 89 9 21 2 10 30 7 18 2 10 93 3 50 
3 2 79 1 58 4 80 2 1 95 8 89 3 5 47 10 27 2 85 3 6 50 10 24 7 69 4 1 85 2 55 8 70 3 32 
3 3 4 5 
2 9 76 10 62 3 2 73 10 52 5 71 2 5 21 9 39 
2 5 88 7 74 4 5 16 3 91 1 52 7 62 3 2 23 10 90 5 14 4 4 42 6 17 9 19 10 13 
2 4 67 9 90 2 3 14 9 34 3 9 28 5 71 4 92 2 4 90 1 13 4 5 27 3 95 10 92 2 78 
2 4 4 
4 6 60 3 85 10 25 5 18 3 6 18 9 90 2 55 2 9 53 5 90 3 7 95 2 50 3 82 
2 8 31 1 97 3 2 94 4 40 9 39 4 4 67 2 39 1 88 9 51 2 8 47 6 65 
2 4 3 
3 8 59 1 63 2 78 4 2 55 10 76 5 43 6 40 3 3 95 5 11 10 16 2 5 54 10 99 
4 1 29 5 35 10 18 7 13 2 6 87 4 44 2 7 45 3 46 
3 3 4 5 
4 8 24 10 30 7 10 1 46 3 5 19 1 95 4 69 4 2 72 4 98 3 18 6 97 
3 3 67 9 96 10 39 3 1 66 2 55 9 37 2 5 14 1 63 4 10 71 3 87 7 26 8 34 
4 2 93 8 23 4 52 5 11 4 4 79 2 61 8 50 7 92 3 2 88 4 97 9 34 2 6 98 2 67 4 7 54 4 66 1 73 10 12 
2 5 4 
3 2 57 9 50 8 77 3 2 30 10 31 5 67 3 6 63 1 41 4 79 4 3 59 4 71 10 90 9 89 4 6 85 3 48 7 43 2 76 
2 10 87 1 91 2 1 11 6 43 2 9 60 6 82 2 2 90 7 18 
2 5 3 
4 2 51 7 25 3 70 6 48 3 2 22 7 36 6 68 3 5 57 2 50 7 70 2 10 89 4 45 2 10 44 4 12 
2 8 67 4 94 3 8 82 2 62 4 80 2 8 83 7 27 
3 4 5 3 
4 9 80 4 36 8 63 10 46 2 6 82 9 87 4 2 68 9 45 1 20 8 11 2 6 40 10 91 
3 10 29 5 19 6 32 4 10 96 8 30 2 97 7 41 3 3 23 8 60 9 60 4 3 90 5 64 1 22 8 57 4 4 61 7 38 6 44 9 68 
3 4 58 6 92 5 10 2 5 66 6 92 2 8 15 6 72 
3 5 3 5 
3 4 28 8 88 6 88 3 5 82 9 62 1 59 2 3 60 9 85 3 9 72 1 50 6 71 2 1 41 3 93 
4 3 85 10 74 2 66 9 55 2 4 50 1 24 2 3 33 2 73 
4 4 57 7 37 9 12 1 42 4 3 84 6 77 7 17 8 10 2 10 16 5 21 2 4 57 2 62 4 7 88 8 23 1 92 2 78 
3 3 3 5 
2 3 62 4 48 4 3 45 10 25 5 50 4 72 4 10 72 1 22 4 73 7 55 
3 6 83 2 87 8 78 4 4 73 8 72 5 31 2 49 3 1 20 9 79 10 64 
3 4 68 8 34 2 39 3 10 99 2 11 5 84 3 8 28 9 71 3 50 3 4 50 5 67 10 48 3 9 74 8 39 10 58 
