10 10
3 3 3 3 
2 10 22 6 22 4 9 65 4 69 2 49 5 62 2 7 58 2 85 
2 2 86 6 39 2 8 87 6 62 2 3 71 2 30 
4 10 58 3 94 4 23 1 85 3 1 84 7 35 9 20 4 4 12 10 12 1 61 5 21 
3 4 5 4 
3 3 71 8 32 7 14 2 8 12 3 99 4 10 57 2 79 9 24 4 61 3 10 37 5 74 2 59 
2 3 16 9 56 2 10 67 2 24 4 6 87 7 41 5 84 1 86 2 7 65 1 82 4 1 66 2 91 5 10 9 12 
3 2 27 9 67 8 19 2 6 52 8 41 3 8 10 10 68 3 83 4 10 80 8 79 5 94 4 10 
3 4 3 3 
4 1 23 10 95 3 71 4 98 2 5 44 6 97 2 9 80 1 93 3 10 29 5 68 9 88 
3 1 16 8 56 9 86 2 7 40 10 14 3 10 74 8 11 1 63 
2 10 18 5 14 3 9 64 8 19 4 43 3 5 42 3 90 10 38 
4 3 4 5 4 
2 6 43 8 56 2 10 91 4 61 4 1 91 7 27 3 20 4 22 
4 6 25 4 16 10 61 8 67 4 9 56 3 97 7 90 6 51 3 10 88 9 54 2 46 4 9 29 6 12 3 72 1 82 
2 6 25 5 27 2 6 23 1 71 4 6 59 3 52 1 27 10 12 4 1 70 9 43 4 83 6 34 4 3 23 5 45 1 52 9 76 
3 7 28 3 20 4 39 2 5 63 10 57 3 5 19 1 13 3 10 4 9 21 3 60 5 62 6 92 
4 4 5 3 5 
3 4 98 5 19 9 34 4 1 25 8 86 6 72 9 47 2 10 43 9 69 3 8 96 10 51 2 62 
3 4 30 8 80 10 26 2 8 27 10 84 2 1 37 3 26 3 10 56 1 28 5 49 4 8 48 2 28 6 33 5 33 
2 3 80 2 50 4 8 67 5 71 6 96 2 14 4 8 81 3 84 6 63 5 52 
4 9 63 10 40 7 43 2 23 2 4 33 6 51 4 4 40 8 52 1 14 7 49 3 7 59 8 53 6 19 3 2 78 6 96 5 58 
3 3 3 4 
3 8 41 3 92 6 89 4 7 40 2 89 6 63 5 68 4 7 66 9 51 5 79 3 22 
4 9 99 1 81 3 91 4 73 4 3 52 7 88 4 66 1 78 2 3 37 1 69 
2 2 76 6 93 3 6 95 9 95 3 56 4 5 33 6 57 3 32 2 53 2 7 55 5 25 
3 3 5 4 
2 10 64 2 75 2 10 50 9 56 2 8 36 1 60 
2 7 24 4 89 2 1 37 7 33 3 8 96 10 50 3 57 4 4 62 7 84 6 80 3 73 3 1 66 8 40 3 44 
4 5 16 1 43 2 88 8 10 3 8 49 10 15 4 29 2 9 10 1 88 2 2 38 9 34 
2 3 3 
2 5 71 7 48 3 6 14 3 94 8 91 3 1 44 10 97 2 42 
2 3 46 4 60 2 2 33 6 73 2 4 90 9 19 
3 3 3 4 
4 1 97 2 99 4 87 6 89 4 4 35 2 47 1 26 10 43 2 5 17 6 95 
2 7 38 4 41 4 1 38 9 42 3 22 5 68 4 2 86 4 71 5 32 10 14 
2 2 17 9 27 3 7 47 5 12 10 12 4 2 51 4 97 1 23 10 85 2 5 56 2 12 
2 5 4 
3 2 63 6 46 9 14 4 9 69 5 12 1 13 7 55 2 5 78 6 75 2 1 37 9 28 3 7 84 4 76 8 27 
4 7 84 1 80 3 24 4 13 4 1 62 5 68 7 85 3 77 3 7 73 2 51 6 86 4 4 45 7 55 5 44 10 74 
