10 10
3 5 4 5 
3 3 45 10 99 6 28 2 4 38 8 20 3 1 93 2 98 7 20 3 8 96 4 23 5 46 4 4 72 10 57 2 26 9 79 
4 4 84 5 82 3 61 2 28 3 5 16 3 58 10 73 2 10 91 8 42 2 6 26 1 71 
2 4 43 6 88 3 7 26 6 62 8 77 2 9 78 3 18 3 7 97 10 54 1 74 4 7 26 9 22 2 29 8 93 
4 3 5 4 5 
4 8 76 9 74 10 15 2 97 2 4 37 1 56 4 5 96 2 18 10 37 8 62 
4 9 16 6 12 10 82 8 93 4 7 31 10 63 6 46 3 64 3 3 64 10 22 5 12 2 5 17 8 69 4 1 77 6 28 2 86 8 24 
4 2 73 3 85 4 90 8 71 2 1 38 3 69 4 5 87 7 88 6 93 3 42 3 6 25 2 10 8 49 
4 2 14 5 23 10 54 8 61 4 3 71 8 66 2 29 7 42 4 10 52 5 98 6 50 4 29 3 4 67 5 26 6 19 3 6 68 2 23 10 95 
3 4 4 4 
4 5 31 9 95 8 49 7 19 4 8 96 4 63 1 35 2 80 2 4 12 9 41 4 10 86 3 36 2 65 5 89 
4 1 86 7 29 10 99 6 47 4 9 37 8 28 4 15 7 32 3 1 25 10 33 9 14 4 8 44 6 50 9 48 3 85 
2 3 80 9 31 2 10 41 4 97 4 1 54 4 11 6 74 10 51 3 4 17 2 85 10 37 
4 3 5 4 4 
3 1 34 9 14 5 28 3 5 27 2 89 4 83 4 4 59 9 62 7 49 8 54 
3 8 58 6 33 2 45 4 10 64 3 38 8 91 6 13 3 10 13 6 96 1 62 2 3 87 5 93 4 7 87 6 95 5 21 10 89 
3 1 50 5 26 6 77 4 4 12 6 79 7 62 5 13 2 3 24 10 65 3 9 34 2 27 1 33 
2 8 29 10 83 2 5 87 1 18 2 10 10 9 53 3 6 78 5 34 7 43 
4 4 5 4 3 
3 9 69 8 96 1 67 3 5 20 9 62 3 18 4 2 52 4 93 7 75 1 27 2 9 26 6 24 
3 10 38 8 98 4 22 4 7 87 6 82 9 23 10 80 3 3 80 2 94 10 76 2 4 96 2 78 3 3 89 1 26 2 63 
3 2 37 5 70 7 29 3 6 36 5 42 10 67 4 10 47 2 52 6 53 1 19 2 4 64 1 48 
3 9 98 6 64 8 21 2 7 41 10 65 4 9 82 10 12 6 69 8 25 
3 3 4 3 
4 6 79 9 97 2 78 3 99 2 1 51 4 86 4 9 75 8 43 6 82 10 75 
2 4 15 9 46 4 4 61 1 73 8 93 9 20 3 7 16 1 52 2 84 2 10 75 7 25 
4 5 10 2 88 1 53 4 84 2 6 67 7 72 4 2 13 6 38 1 53 4 60 
4 4 5 5 4 
2 3 61 2 45 3 6 55 3 28 1 37 3 8 19 7 19 5 77 2 8 28 4 66 
4 2 83 3 64 7 65 5 52 4 4 24 5 23 10 60 6 63 2 1 23 8 46 3 3 22 2 23 5 13 4 2 82 3 27 5 38 10 51 
3 9 46 7 39 10 11 4 4 79 6 16 5 76 7 97 4 3 58 9 58 4 10 1 31 4 3 61 5 62 2 80 1 67 4 3 59 2 53 10 84 9 38 
2 4 69 6 26 3 8 89 9 91 2 11 2 8 32 3 92 4 2 54 8 27 6 91 9 88 
2 5 3 
2 4 38 10 22 3 10 34 6 44 8 37 2 4 44 2 37 3 9 33 1 86 2 30 3 2 21 6 26 3 33 
3 6 31 5 92 7 58 2 5 69 3 80 4 2 21 4 42 1 41 10 75 
4 3 4 4 3 
4 1 27 6 73 3 62 10 83 4 6 34 9 80 8 36 5 35 4 4 91 3 59 6 13 7 24 
4 10 78 8 74 2 12 6 35 2 1 46 6 13 3 2 70 8 12 10 79 3 3 40 10 95 4 44 
4 4 60 5 67 10 19 1 28 3 8 94 6 53 10 16 2 8 80 6 36 3 9 14 7 83 8 63 
3 10 98 7 34 2 55 2 10 26 5 87 4 7 92 2 56 8 32 6 30 
2 5 3 
2 4 17 1 29 2 8 10 5 12 4 1 87 9 59 8 73 6 41 4 5 12 1 14 4 81 8 51 2 6 90 2 78 
3 9 58 8 81 1 77 3 3 40 7 38 4 38 4 10 11 4 29 5 87 9 44 
