10 10
3 4 3 4 
3 1 58 8 19 6 67 4 10 68 6 40 9 28 1 12 2 6 90 9 84 4 6 25 1 10 7 53 8 50 
3 1 32 5 45 10 83 4 10 48 6 91 1 86 2 30 4 6 79 2 76 7 29 10 73 
3 10 52 7 37 9 72 3 1 68 9 47 8 65 4 1 26 6 20 3 63 5 64 3 7 92 8 92 6 31 
3 5 3 5 
2 6 94 1 16 2 6 16 1 88 2 7 48 9 10 4 2 15 6 28 1 34 8 64 3 6 76 10 19 1 24 
3 1 10 9 12 2 14 2 9 57 7 74 3 8 44 2 74 3 39 
4 9 36 4 87 5 26 1 53 2 10 11 8 62 3 7 44 6 70 2 92 3 2 34 5 50 10 99 3 10 42 1 70 7 19 
3 4 4 4 
2 9 53 7 67 2 1 58 4 50 4 7 51 5 69 4 61 6 26 4 6 76 1 67 9 24 4 24 
2 7 18 5 10 3 9 33 6 36 4 67 2 6 56 2 52 3 8 64 6 53 3 99 
3 3 75 1 82 2 25 2 8 84 6 88 4 2 94 9 81 8 68 6 12 2 7 40 5 81 
2 3 5 
3 6 61 9 86 2 51 2 3 76 1 82 4 2 60 3 79 5 85 7 56 
3 8 44 1 95 3 55 4 7 34 4 49 10 96 8 14 3 4 50 8 78 2 98 2 5 52 3 69 3 5 26 2 22 10 70 
4 4 3 4 3 
2 7 40 9 82 3 8 44 5 93 3 50 4 10 62 6 49 5 77 2 64 4 8 41 9 37 6 83 1 47 
2 6 20 2 45 2 7 42 4 48 4 9 83 4 39 8 11 6 97 
4 6 10 3 81 7 24 9 95 4 6 71 3 83 4 49 8 46 3 6 99 7 45 2 42 4 4 66 8 99 2 89 7 68 
2 1 95 9 31 4 3 65 6 27 8 13 7 48 2 2 23 1 77 
2 5 3 
2 7 10 4 23 2 8 89 9 29 4 6 55 7 99 4 89 10 26 3 1 44 10 85 8 36 2 2 39 10 31 
3 1 50 9 43 7 19 4 1 28 2 74 5 23 6 86 3 2 10 10 96 4 99 
2 5 3 
4 1 29 2 14 3 14 9 35 4 9 16 3 10 10 88 5 70 2 4 91 7 28 2 4 45 1 60 4 3 11 7 12 5 73 4 39 
2 1 50 10 28 4 1 70 5 56 6 50 7 32 3 5 95 1 90 6 10 
4 3 5 5 4 
3 2 25 3 85 1 23 3 1 68 6 40 3 70 4 8 30 2 68 5 23 3 43 
3 1 54 2 50 7 97 2 1 63 10 64 2 7 85 5 71 3 1 42 4 90 10 49 2 5 75 3 67 
4 7 67 3 78 10 31 2 47 2 7 50 1 51 3 6 11 2 60 8 38 4 1 39 4 71 6 56 8 24 2 3 11 8 23 
3 9 80 4 64 6 96 4 3 93 6 21 8 98 1 96 3 2 97 10 41 1 46 2 7 74 3 76 
3 5 3 4 
3 9 13 4 86 6 64 3 9 44 6 17 1 19 3 4 69 3 92 9 41 4 2 51 5 55 7 45 10 88 4 1 48 2 31 10 34 6 73 
3 4 39 3 67 8 16 3 5 99 1 74 7 56 2 8 57 9 69 
3 9 12 2 18 10 38 2 9 70 6 22 4 5 29 7 58 9 65 2 52 3 4 95 1 11 5 65 
4 3 4 3 3 
2 7 26 9 62 2 1 96 3 58 2 6 75 1 18 
2 2 86 5 50 2 10 24 4 62 4 3 54 4 84 9 58 8 97 4 7 78 5 37 6 74 9 45 
3 6 13 5 62 4 56 3 3 14 7 11 1 96 4 7 45 4 23 3 98 1 16 
2 7 45 3 47 3 5 76 4 55 10 51 2 10 45 8 35 
