10 10
4 5 5 4 4 
4 62 6 46 9 76 5 46 3 16 
5 25 6 25 9 64 2 25 0 89 
2 52 0 85 5 93 6 33 
2 25 6 33 9 68 1 88 
3 4 4 5 
5 43 6 12 3 72 9 93 
7 91 0 39 8 24 9 65 
4 72 6 56 7 99 8 54 0 98 
2 4 4 
7 23 6 37 5 99 3 27 
5 57 9 34 0 44 7 84 
2 5 3 
1 38 6 85 4 47 7 81 2 47 
1 26 0 76 7 77 
3 5 4 3 
1 59 8 93 0 74 9 15 6 70 
8 55 2 49 7 79 1 32 
9 78 4 11 7 28 
3 5 5 5 
0 51 9 62 7 52 5 49 3 52 
4 44 5 20 7 89 3 93 8 20 
7 67 4 82 5 29 2 47 6 80 
4 3 5 3 3 
4 97 6 21 9 98 
8 30 5 67 1 36 6 11 7 46 
8 44 0 68 6 71 
4 68 1 56 0 86 
4 3 4 3 5 
6 86 7 33 2 51 
6 37 0 43 8 64 5 46 
9 70 2 81 0 49 
0 17 9 38 2 92 8 66 7 88 
4 5 5 5 3 
9 63 5 16 4 33 6 52 8 67 
3 36 8 36 5 13 2 86 6 78 
7 50 6 14 1 66 8 37 9 71 
6 28 5 90 4 57 
2 5 3 
9 83 5 59 4 12 8 43 2 82 
8 25 0 14 3 35 
