10 10
3 5 3 3 
3 26 5 25 4 99 0 53 9 49 
1 41 2 89 0 11 
4 28 5 80 8 20 
4 5 3 4 5 
5 51 9 54 7 62 8 37 4 41 
8 75 6 90 9 15 
7 39 2 33 4 16 5 86 
9 45 7 41 2 99 5 91 0 29 
2 4 4 
8 34 3 98 5 20 7 45 
0 84 1 86 2 60 9 88 
4 4 3 5 3 
4 89 7 62 0 14 1 55 
9 14 8 57 1 13 
6 98 0 81 5 69 3 60 9 17 
0 73 4 23 3 99 
3 3 4 3 
3 74 4 90 5 35 
4 94 0 38 3 42 9 82 
3 59 9 67 4 68 
2 3 4 
0 48 8 89 4 38 
9 73 5 65 8 41 2 41 
4 4 4 4 4 
2 15 4 44 1 57 6 31 
3 60 1 66 9 77 8 47 
6 28 5 41 3 62 0 61 
2 86 6 10 4 62 5 20 
3 3 4 3 
4 39 8 73 7 74 
3 28 0 56 5 63 4 22 
7 89 5 73 3 20 
4 3 3 3 5 
8 38 7 58 3 23 
7 80 2 10 4 55 
5 65 3 46 9 86 
4 19 9 44 5 26 6 83 1 47 
2 5 4 
7 64 4 23 3 96 5 81 1 45 
4 70 8 30 0 49 2 53 
