10 10
2 4 4 
2 59 3 89 0 48 5 86 
0 52 6 57 8 88 2 50 
3 3 5 3 
7 48 8 51 9 13 
0 59 1 95 8 32 9 57 6 85 
2 41 8 95 9 46 
2 4 4 
7 10 8 93 3 33 0 14 
6 68 8 64 1 97 9 90 
3 3 3 4 
9 28 3 41 7 88 
3 32 9 82 8 83 
9 66 4 76 3 45 6 81 
2 3 3 
7 36 0 22 1 37 
5 26 0 26 3 88 
4 5 5 4 3 
6 17 0 77 7 67 8 21 2 11 
7 48 4 44 9 13 3 63 2 94 
4 66 9 20 8 13 1 82 
8 55 6 50 4 55 
4 3 5 4 5 
5 68 2 13 7 79 
8 91 2 56 9 64 1 24 4 87 
3 94 7 65 6 64 5 67 
4 31 8 94 0 76 9 63 1 31 
4 4 3 3 3 
6 97 3 31 2 13 1 17 
1 17 0 97 6 38 
2 37 3 74 6 69 
9 18 0 78 4 40 
3 3 4 3 
5 30 0 66 7 66 
9 14 7 10 0 46 4 41 
7 29 9 40 4 79 
2 4 4 
3 66 4 16 1 39 5 86 
5 95 0 87 4 77 9 85 
