10 10
4 4 3 5 5 
5 20 4 40 7 11 8 23 
2 64 1 79 0 88 
0 20 6 12 5 32 1 88 4 11 
8 93 2 47 1 27 7 28 5 68 
4 5 4 5 5 
3 49 5 29 2 54 6 19 9 97 
6 86 1 55 3 29 9 91 
0 47 3 31 7 75 4 96 6 15 
8 79 6 14 0 94 1 22 2 42 
2 4 3 
8 65 2 69 7 79 0 20 
0 83 4 90 2 64 
3 4 5 5 
9 89 0 96 5 87 1 82 
5 77 1 87 3 27 0 71 7 88 
9 16 4 19 7 85 5 14 6 14 
3 4 3 5 
7 22 3 99 0 70 4 36 
9 23 1 67 5 50 
9 90 6 12 4 83 1 98 2 32 
3 5 4 5 
1 38 9 68 6 76 4 20 3 95 
6 12 8 15 0 83 9 72 
6 13 5 90 2 20 8 40 3 72 
2 3 5 
1 23 2 39 8 47 
2 51 1 32 8 23 0 75 7 52 
3 5 4 5 
2 25 7 11 6 57 1 25 3 42 
6 91 2 23 9 31 3 43 
8 84 6 31 3 12 2 86 5 27 
2 5 3 
5 36 4 26 2 61 0 83 9 72 
5 65 1 73 6 84 
2 3 5 
2 15 1 35 0 89 
0 61 9 61 8 44 5 72 4 46 
