10 10
4 4 4 4 4 
3 92 1 62 6 15 2 76 
9 63 2 78 3 71 1 12 
9 81 4 25 3 99 1 56 
1 67 3 45 7 82 2 10 
2 4 5 
1 60 0 47 6 71 3 47 
5 97 4 54 6 89 1 62 3 73 
4 4 3 4 3 
7 27 4 25 9 39 8 38 
2 74 3 86 0 86 
6 81 3 77 5 63 2 84 
6 69 8 48 7 38 
3 4 5 5 
8 57 1 71 0 31 7 28 
2 50 4 74 7 32 6 39 0 91 
2 30 5 76 0 59 1 44 4 19 
3 3 3 4 
0 90 6 92 9 39 
7 86 8 96 0 83 
5 81 8 58 7 99 9 15 
4 4 5 5 5 
2 75 1 88 9 65 5 23 
0 77 4 91 5 25 9 54 6 76 
1 74 5 32 9 74 6 28 2 90 
8 66 9 94 0 54 4 71 2 58 
4 5 4 4 3 
7 30 2 36 9 91 6 99 8 26 
2 39 5 44 4 25 7 54 
6 89 2 25 5 98 1 51 
8 59 6 20 3 71 
2 4 5 
5 88 7 68 3 50 1 30 
7 56 0 37 5 71 3 14 8 24 
3 3 4 5 
6 27 4 25 8 58 
3 44 5 58 7 64 6 10 
7 97 8 66 9 88 1 14 6 17 
3 5 3 3 
2 68 7 67 4 54 9 35 1 22 
6 79 0 58 5 38 
7 57 5 86 8 23 
